# BTC to USD from 1/Jan/2017 onwards 
# First $999.0 == 2017-01-01 1 Bitcoin is $999.00
999.0
1019.3
1037.5
1139.6
1003.2
898.0
908.8
915.9
903.0
905.8
778.6
804.6
828.1
815.3
820.7
830.1
904.0
887.8
900.3
896.0
924.0
923.7
910.0
886.1
893.3
915.1
916.7
919.4
912.6
917.4
966.2
983.7
1005.7
1015.7
1031.1
1006.6
1022.6
1052.1
1048.8
985.0
992.0
1000.3
996.0
996.5
1013.7
1013.8
1038.4
1056.2
1059.8
1056.2
1091.2
1129.6
1125.3
1190.9
1185.1
1153.0
1178.3
1195.5
1189.1
1232.8
1262.3
1288.2
1267.8
1278.4
1279.3
1232.4
1149.3
1190.4
1113.6
1172.8
1225.2
1238.5
1245.0
1256.1
1169.0
1068.4
971.0
1016.1
1039.0
1115.0
1039.1
1033.0
943.1
972.2
969.0
1042.7
1044.7
1041.8
1041.0
1081.7
1093.2
1107.6
1150.2
1145.0
1140.6
1191.5
1196.60
1188.10
1215.90
1220.30
1235.60
1227.40
1187.00
1206.80
1193.30
1212.00
1240.00
1265.40
1260.50
1308.40
1325.60
1347.50
1355.20
1345.00
1370.30
1399.30
1440.30
1415.60
1423.60
1435.20
1533.10
1560.00
1617.80
1607.10
1545.10
1597.10
1619.90
1703.20
1760.00
1796.80
1853.90
1735.00
1820.40
1828.10
1772.50
1785.70
1870.00
1941.50
1966.50
2059.70
2029.20
2085.50
2249.30
2394.80
2252.00
2127.30
1972.30
2056.60
2207.40
2146.70
2191.83
2311.60
2405.88
2461.00
2488.20
2636.20
2843.60
2642.63
2782.10
2809.00
2806.00
2936.30
2571.80
2676.40
2395.04
2377.40
2437.00
2610.00
2491.50
2580.80
2712.20
2621.20
2672.80
2674.90
2502.60
2477.70
2394.60
2521.20
2518.20
2470.10
2420.70
2349.50
2445.00
2524.00
2582.60
2598.50
2593.10
2479.30
2542.00
2478.00
2318.30
2282.10
2374.40
2329.00
2205.10
1978.60
1924.90
2219.00
2302.10
2253.10
2856.30
2664.00
2845.70
2747.50
2769.70
2560.90
2525.70
2664.90
2784.80
2714.10
2749.00
2856.00
2731.20
2702.00
2790.30
2860.00
3256.40
3227.90
3396.70
3415.00
3339.90
3407.90
3644.10
3865.50
4053.30
4319.50
4151.90
4386.30
4260.00
4090.20
4145.10
4064.30
4002.50
4074.00
4129.10
4325.20
4351.50
4341.70
4331.80
4383.80
4587.10
4569.00
4718.20
4904.90
4534.40
4595.00
4200.40
4374.90
4589.10
4613.50
4305.80
4317.90
4232.10
4203.00
4142.90
3849.70
3238.10
3698.00
3685.40
3666.30
4084.10
3900.00
3873.20
3603.40
3598.50
3779.60
3652.80
3930.00
3879.10
4205.40
4190.00
4169.90
4367.00
4404.30
4400.10
4311.10
4215.10
4315.40
4371.00
4436.00
4613.10
4782.30
4777.00
4824.90
5428.50
5636.80
5835.00
5698.60
5764.40
5597.10
5565.00
5694.00
5984.50
6005.10
5980.50
5906.90
5509.50
5720.00
5890.00
5759.60
5720.60
6156.00
6125.30
6458.30
6727.30
7019.90
7278.40
7369.00
7382.00
6955.00
7103.30
7442.40
7126.20
6542.20
6300.70
5822.10
6474.60
6579.20
7278.30
7864.20
7677.90
7773.30
8054.20
8245.10
8097.30
8230.10
7977.10
8191.60
8766.20
9316.00
9728.80
9898.00
9749.40
9907.00
10869.00
10881.00
11157.00
11595.00
11595.00
13527.00
16601.00
15869.00
14660.00
14997.00
16754.00
16967.00
16181.00
16383.00
17522.00
19187.00
18971.00
18934.00
17345.00
16425.00
15666.83
13170.00
14035.00
13476.00
13623.00
15679.00
15374.00
14315.00
14317.00
12377.00
13800.00
13354.00
14709.82
15155.00
15160.00
16917.00
17161.00
16196.00
14930.00
14423.00
14896.00
13266.00
13783.00
14191.00
13558.00
13575.00
11072.00
11082.00
11045.00
11476.00
12728.00
11514.00
10771.00
10819.00
11414.00
11146.00
11070.00
11461.00
11839.00
11212.00
10175.00
10284.00
9181.10
8895.80
9219.40
8200.00
6949.90
7673.80
7587.00
8235.10
8683.20
8563.10
8069.00
8900.60
8515.90
9455.40
9996.90
10162.00
11053.46
10372.00
11173.00
11218.00
10455.00
9830.00
10145.00
9666.30
9557.40
10321.00
10569.00
10315.00
10925.00
11025.00
11440.00
11501.00
11416.00
10720.00
9902.90
9300.00
9217.00
8762.00
9528.00
9121.00
9135.00
8186.60
8252.90
8251.00
7851.00
8200.20
8600.10
8899.70
8900.10
8706.44
8908.00
8535.00
8445.10
8119.10
7784.50
7936.10
7094.00
6840.40
6925.30
6810.00
7052.70
7405.60
6785.90
6765.00
6610.20
6892.60
7023.90
6764.60
6839.30
6943.10
7912.00
# Last $8,119.90 = 2018-04-13
8119.90
